0,575
0,574
0,573
0,572
0,571
0,570
0,569
0,568
0,567
0,566
0,565
0,564
0,563
0,562
0,561
0,560
0,559
0,558
0,557
0,556
0,555
0,554
0,553
0,552
0,551
0,550
0,549
0,548
0,547
0,546
0,545
0,544
41,14
41,13
41,10
0,543
0,542
0,541
0,540
0,539
0,538
0,537
0,536
0,386
0,2
0,243
0,535
0,472
41,4
41,7
41,5
41,3
0,520
41,6
0,436
0,434
0,519
0,518
0,428
0,427
0,517
0,423
0,421
0,417
0,416
0,409
0,408
0,407
0,445
0,444
0,443
0,516
0,441
0,440
0,439
0,438
0,437
0,435
0,433
0,534
0,533
0,268
0,267
0,266
0,265
0,264
0,263
0,262
0,261
0,260
0,259
0,258
0,257
0,256
0,255
0,254
0,253
0,252
0,251
0,250
0,249
0,247
0,245
0,244
0,242
0,241
0,239
0,238
0,237
0,236
0,235
0,234
0,233
0,232
0,424
0,230
0,228
0,227
0,226
0,225
0,224
0,223
0,222
0,221
0,220
0,219
0,218
0,217
0,216
0,215
0,214
0,213
0,212
0,211
0,210
0,401
0,208
0,206
0,205
0,204
0,203
0,202
0,201
0,199
0,396
0,197
0,196
0,195
0,194
0,193
0,192
0,63
0,62
0,384
0,60
0,392
0,391
0,390
0,54
0,53
0,52
0,51
0,50
0,49
0,48
0,47
0,46
0,45
31,34
31,33
31,32
31,31
31,30
31,29
31,28
31,27
31,26
31,25
31,24
31,23
31,22
31,21
31,20
31,19
31,18
31,17
31,16
31,15
31,14
31,13
